683.376
685.370
684.362
685.353
685.352
685.361
685.371
684.363
684.369
685.373
685.373
684.368
685.365
684.362
685.362
684.369
684.380
685.389
685.390
685.364
684.287
685.552
684.375
684.371
684.369
684.363
684.357
685.348
684.355
684.372
684.368
684.364
684.369
684.374
684.372
685.374
685.367
684.364
684.366
684.373
684.386
684.393
684.392
684.336
684.404
685.484
684.379
684.378
684.371
684.364
684.360
684.355
684.361
684.376
684.371
684.370
684.370
684.377
684.374
684.372
684.368
684.364
684.362
684.375
684.381
684.387
684.392
684.344
684.368
685.488
684.384
684.378
684.372
684.361
685.355
684.352
684.354
684.368
684.356
684.356
684.363
684.364
684.362
684.357
684.363
684.348
684.351
684.351
684.361
684.365
684.362
684.354
684.211
684.524
684.348
684.350
684.350
684.343
684.329
684.326
684.330
684.339
684.340
684.346
684.351
684.350
684.349
684.353
684.355
684.355
684.356
685.367
684.379
684.394
684.397
685.400
684.288
684.543
684.412
684.406
684.405
684.394
684.395
684.389
684.386
684.389
684.411
685.400
684.395
684.397
684.398
684.392
684.394
684.390
684.385
684.381
684.380
684.394
684.401
684.402
684.400
684.233
684.609
684.385
684.384
684.381
684.373
684.369
684.362
684.363
684.371
684.375
684.365
684.364
684.366
684.363
684.364
684.363
684.365
684.361
684.357
684.363
684.373
685.385
684.386
684.387
685.233
684.585
685.381
684.377
684.370
684.366
684.359
684.354
684.354
684.365
684.375
684.365
684.364
684.368
684.367
684.368
684.367
684.367
684.363
684.362
684.366
684.372
684.385
684.387
684.388
684.293
684.483
685.424
684.375
684.373
684.365
684.360
684.353
684.348
684.357
684.367
684.364
684.361
684.368
684.367
684.370
684.372
684.374
685.371
684.367
684.370
684.373
684.386
684.388
684.391
684.352
684.324
685.504
684.380
684.381
684.375
684.368
684.361
684.354
684.358
684.373
684.370
684.364
684.369
685.374
684.370
684.369
684.370
684.368
684.370
684.370
684.375
685.388
684.394
684.389
684.368
684.259
685.514
684.369
684.370
684.365
684.363
684.354
684.344
684.354
684.372
684.368
684.361
684.364
684.366
684.362
684.360
684.364
684.365
684.363
684.366
684.367
684.380
684.384
685.385
684.360
684.292
684.511
684.372
685.374
684.371
684.367
684.359
684.354
684.358
684.371
684.369
684.366
684.375
685.376
685.374
684.376
684.378
684.379
684.376
684.375
684.374
684.387
684.392
684.386
684.379
684.217
685.574
684.362
684.366
684.365
684.359
684.352
684.345
684.348
684.361
684.364
684.353
684.360
684.367
684.365
684.367
684.368
684.372
684.365
684.365
684.365
684.373
684.382
684.381
684.379
684.252
684.555
685.384
684.373
684.368
684.364
684.360
684.352
684.350
684.360
684.369
684.361
684.360
684.367
684.365
684.365
684.368
684.372
684.365
684.364
684.366
684.375
684.383
684.385
684.387
684.330
684.416
685.464
684.376
684.375
684.371
684.364
684.359
684.356
684.362
684.377
684.372
684.363
684.370
684.371
684.372
684.372
684.370
684.370
684.364
684.368
684.371
684.378
684.383
684.384
684.362
684.253
684.558
684.365
684.364
684.358
684.356
684.350
684.346
684.350
684.364
684.365
684.355
684.362
685.364
684.365
684.366
684.364
684.368
684.361
684.361
684.365
684.379
684.387
684.386
685.383
684.218
684.607
685.371
684.372
684.371
684.365
684.360
684.353
684.351
684.367
684.373
684.364
684.366
684.370
684.369
684.371
684.370
684.376
684.366
684.369
684.369
684.383
685.390
684.389
684.387
684.218
684.595
685.376
684.381
684.379
684.367
684.363
684.354
684.356
684.367
684.377
684.367
684.368
684.375
684.370
684.368
684.368
684.371
684.368
684.368
685.366
685.377
684.385
684.385
684.380
684.221
684.563
685.366
684.374
684.371
684.361
684.351
684.343
684.345
684.360
684.365
684.355
684.364
684.366
684.365
684.366
684.365
684.367
685.365
684.361
684.361
685.375
684.382
684.383
684.380
684.243
684.542
685.367
684.368
685.364
684.360
684.355
684.348
684.349
684.362
684.369
684.366
684.370
684.379
684.377
684.374
684.377
684.382
684.376
684.371
684.373
684.379
684.388
684.390
684.391
684.351
684.359
684.479
684.380
684.376
684.368
684.361
684.357
684.354
684.360
684.371
684.369
684.364
684.369
684.368
684.371
684.369
684.370
684.371
684.367
684.364
684.366
684.377
685.386
684.387
684.385
684.276
684.519
685.400
684.375
684.370
684.365
684.359
684.353
684.349
684.358
684.373
684.365
684.363
684.368
684.371
684.371
684.369
684.371
684.371
684.361
684.353
684.356
684.369
684.380
684.379
684.379
684.248
684.546
684.386
684.368
684.368
684.362
684.356
684.350
684.349
684.360
684.370
684.363
684.360
684.367
684.367
684.367
684.366
684.369
684.372
684.365
684.361
684.367
684.379
684.387
684.386
684.388
684.246
684.568
685.382
684.374
684.371
684.365
684.357
684.354
684.350
685.360
684.370
684.365
684.365
684.370
684.369
684.368
684.369
685.369
684.372
684.369
685.360
684.366
684.376
684.390
684.389
684.388
684.244
684.565
685.384
684.373
684.371
684.369
684.361
684.355
684.351
684.361
684.375
684.369
684.367
684.375
684.377
684.373
684.372
684.372
684.376
684.370
684.371
684.370
684.386
684.390
684.388
684.383
684.216
684.571
685.361
684.371
684.365
684.359
684.351
684.347
684.348
684.361
684.368
684.361
684.365
684.372
684.371
684.367
684.368
685.374
684.371
684.367
684.371
684.373
684.382
684.384
684.383
684.360
684.270
685.503
684.371
684.376
684.373
684.364
684.353
684.352
684.356
684.368
684.370
684.366
684.375
684.375
684.376
684.373
684.371
684.372
684.370
684.370
684.370
684.375
684.383
684.387
684.388
684.300
684.445
685.396
684.371
684.365
684.360
684.354
684.346
684.344
684.347
684.362
684.359
684.360
684.365
684.367
684.367
684.360
684.359
684.365
684.363
684.359
684.356
684.364
684.374
684.375
684.374
684.283
684.456
685.398
684.368
684.364
684.362
684.357
684.347
684.345
684.356
684.368
684.358
684.363
684.371
685.372
684.367
684.368
684.368
684.372
684.370
684.368
684.367
684.373
684.378
684.384
684.385
684.375
684.228
685.574
684.371
684.378
684.373
684.366
684.360
684.354
684.359
684.371
684.372
684.369
684.372
684.373
684.376
684.374
684.375
684.375
684.378
684.378
684.372
684.371
684.380
684.390
685.390
684.390
684.316
684.423
685.452
684.376
684.372
684.371
684.365
684.357
684.351
684.358
684.372
684.363
684.360
684.363
684.367
684.363
684.360
684.364
684.367
684.368
684.358
684.360
684.367
684.380
684.386
684.384
684.376
684.216
685.598
684.370
684.373
684.368
684.365
684.356
684.352
684.354
684.366
684.371
684.366
684.367
684.370
684.369
684.367
684.372
684.374
684.373
684.367
684.363
684.368
684.382
684.390
684.389
684.389
684.249
684.563
684.393
684.380
684.377
684.371
684.366
684.356
684.355
684.365
684.378
684.368
684.369
684.377
684.378
684.376
684.370
684.375
684.379
684.373
685.371
684.373
684.386
684.393
684.391
684.388
684.237
684.560
685.377
684.381
684.376
684.372
684.362
684.357
684.353
684.366
684.373
684.368
684.373
685.376
684.379
684.379
684.380
684.379
684.378
684.373
684.379
684.376
684.387
684.390
684.390
684.358
684.306
685.485
684.378
684.379
684.376
684.368
684.360
684.355
684.359
684.371
684.369
684.374
684.377
684.378
684.375
684.377
684.374
684.372
684.370
684.372
684.370
684.376
684.380
684.379
684.380
684.215
685.557
685.361
684.369
684.361
684.352
684.345
684.336
684.329
684.338
684.346
684.342
684.341
684.348
684.348
684.338
684.343
684.343
684.338
684.337
684.336
684.342
684.347
684.353
684.356
684.306
684.327
685.444
684.345
684.342
684.340
684.342
684.334
684.331
684.336
684.355
684.350
684.346
684.357
685.363
684.359
685.362
684.363
684.366
684.362
684.356
685.361
684.375
684.387
684.381
684.376
684.245
684.540
684.383
684.378
685.373
684.371
684.366
684.354
684.362
685.378
687.379
683.372
684.379
684.386
683.393
683.389
683.391
684.393
684.387
684.383
683.384
684.390
684.399
684.405
684.401
684.359

